 -----------------Task 1------------------


Feisteled this cipher: 
 
 c844e31b90953751

Took 3365462 ns to perform 1000 encryptions.

An exhaustion attack for a key of size 56 bit takes 2^55 tries on average. Thus, we'd expect it to take around 3844 years to break our cipher.


 
 -----------------Task 2------------------


Differential distribution table for SBox1: 

64 0 0 0 0 0 0 0 0 0 0 0 0 0 0 0 
0 0 0 6 0 16 10 0 0 0 6 0 14 6 2 4 
0 0 0 8 0 10 4 2 0 10 2 4 8 8 6 2 
6 0 2 8 2 6 4 0 6 6 6 2 2 0 8 6 
0 0 0 2 0 4 6 12 0 6 8 4 10 4 8 0 
4 10 6 0 0 2 6 0 4 10 4 6 8 2 0 2 
0 0 10 4 6 4 4 8 2 6 4 2 4 2 2 6 
6 2 8 2 8 10 6 6 4 2 0 4 0 0 0 6 
0 0 0 4 0 6 4 2 0 8 6 10 8 2 2 12 
8 4 0 6 0 4 4 6 2 4 6 2 12 2 0 4 
0 0 16 4 6 6 4 0 4 6 4 2 2 0 0 10 
2 8 0 6 2 6 0 4 4 10 0 2 10 2 6 2 
0 0 0 2 0 10 10 6 0 6 6 6 2 6 10 0 
6 0 4 10 2 0 8 6 2 2 6 10 2 2 2 2 
0 0 6 8 4 8 0 2 10 6 2 4 6 2 4 2 
8 0 4 2 2 4 2 2 2 6 4 6 0 2 14 6 
0 0 0 4 0 0 8 12 0 0 8 8 2 10 6 6 
0 6 4 6 2 2 6 6 4 6 4 6 0 4 4 4 
0 4 0 8 6 2 8 4 2 4 4 6 2 4 10 0 
4 2 2 6 8 6 2 2 14 2 2 4 2 2 2 4 
0 16 4 2 6 0 2 6 4 0 4 6 4 6 4 0 
0 10 6 0 6 0 2 8 2 2 0 8 2 6 6 6 
0 12 6 4 6 0 0 0 8 6 6 2 2 6 4 2 
0 6 8 0 6 2 4 6 6 0 2 6 4 4 2 8 
0 12 2 2 8 0 8 0 10 4 4 2 4 2 0 6 
6 4 8 0 8 0 4 2 0 0 12 2 4 6 2 6 
0 4 6 2 8 8 0 4 8 0 0 0 6 2 0 16 
2 4 8 10 2 4 2 8 2 4 8 2 0 2 4 2 
0 12 6 4 6 4 2 2 6 0 4 4 2 10 2 0 
8 6 0 0 10 0 0 8 10 4 2 2 2 8 4 0 
0 4 8 6 8 2 4 4 10 2 2 4 2 0 6 2 
4 2 4 2 6 2 4 0 2 6 2 2 2 16 8 2 
0 0 0 16 0 4 0 0 0 14 6 4 2 0 4 14 
0 0 2 10 2 8 10 0 0 6 6 0 10 2 2 6 
8 0 6 0 6 4 10 2 0 6 8 0 4 4 2 4 
4 8 0 6 0 4 8 6 2 2 10 4 8 0 0 2 
4 0 4 8 4 6 2 4 8 6 2 0 0 4 4 8 
0 4 6 8 2 8 8 0 4 2 4 4 2 2 6 4 
2 6 0 6 4 4 4 6 6 0 4 4 10 4 2 2 
6 6 0 0 2 2 6 2 4 4 6 10 2 6 2 6 
10 2 6 2 4 12 12 0 2 2 4 0 0 0 2 6 
4 0 0 14 2 10 4 2 8 6 4 0 4 2 2 2 
8 8 0 2 0 2 4 0 2 6 8 14 2 8 0 0 
2 2 0 0 4 2 10 4 6 2 4 0 6 4 8 10 
2 6 6 2 4 6 2 0 2 6 4 0 6 4 10 4 
8 0 4 4 6 2 0 0 6 8 2 4 6 4 4 6 
6 2 2 4 2 2 6 12 4 0 4 2 8 8 0 2 
8 12 4 6 6 4 2 2 2 2 4 2 2 4 0 4 
0 4 6 2 10 2 2 2 4 8 0 0 8 4 6 6 
4 6 8 0 4 6 0 4 4 6 10 2 2 4 4 0 
6 6 6 2 4 6 0 2 0 6 8 2 2 6 6 2 
6 6 4 2 4 0 0 10 2 2 0 6 8 4 0 10 
0 2 12 4 10 4 0 4 12 0 2 4 2 2 2 4 
6 4 4 0 10 0 0 4 10 0 0 4 2 8 8 4 
4 6 2 2 2 2 6 8 6 4 2 6 0 4 10 0 
2 2 8 2 4 4 4 2 6 2 0 10 6 10 2 0 
0 4 8 4 2 6 6 2 4 2 2 4 6 4 4 6 
4 4 4 8 0 6 0 6 4 8 2 2 2 4 8 2 
8 8 0 4 2 0 10 4 0 0 0 4 8 6 8 2 
8 2 6 4 4 4 4 0 6 4 4 6 4 4 4 0 
0 6 6 6 6 0 0 8 8 2 4 8 4 2 4 0 
2 2 8 0 10 0 2 12 0 4 0 8 0 2 6 8 
6 4 0 0 4 4 0 10 6 2 6 12 2 4 0 4 
0 6 6 0 4 4 6 10 0 6 8 2 0 4 8 0 

 
 -----------------Task 3------------------


Narrowed options for K_a down to: 
10111
11011

 
 -----------------Task 4------------------


Narrowed options for K_b down to: 
1001
1101

